95 95 53 53 95 54 95 54 95 95 95 57 53 53 53 53 53 95 95 95 53 95 53 95 95 53 53 53 53 53 53 53 53 95 95 95 95 95 95 95 95 95 95 95 95 95 95 95 95 95 
95 95 54 95 53 95 54 54 95 95 95 53 53 53 95 95 95 95 95 95 95 95 95 53 95 95 57 95 53 53 53 53 53 53 53 95 53 58 56 95 95 95 95 95 95 95 95 95 95 95 
95 53 95 95 95 53 53 95 95 53 53 53 95 95 95 95 95 95 95 95 95 95 53 95 95 95 95 53 53 53 53 53 53 96 53 53 53 53 53 95 95 95 95 56 95 95 95 95 95 95 
57 53 95 95 57 57 95 95 95 95 95 95 95 95 95 95 95 95 53 53 56 95 53 57 95 53 58 96 96 96 53 53 96 96 96 96 53 58 53 95 53 53 95 56 53 95 95 53 95 95 
95 95 53 95 95 54 95 95 53 96 96 95 95 95 95 95 95 96 95 58 95 95 95 57 58 96 96 96 96 96 96 96 96 96 96 96 96 53 53 96 96 96 56 56 56 56 95 95 95 95 
53 95 95 53 95 95 95 95 96 96 96 96 96 95 95 95 96 96 96 96 96 95 53 96 96 96 96 96 96 96 96 96 96 96 96 96 96 96 96 96 96 96 96 96 95 56 95 95 95 95 
53 95 95 95 95 95 95 95 96 96 96 96 96 96 96 96 96 96 96 96 96 96 96 96 96 96 96 96 96 96 96 96 96 96 96 96 96 96 96 96 96 96 96 96 96 95 95 95 95 95 
95 95 95 95 95 95 95 96 96 96 96 96 96 96 96 96 96 96 96 96 96 96 96 96 96 96 96 96 96 96 96 96 96 96 96 96 96 96 96 96 96 96 96 96 95 95 95 95 95 95 
57 57 95 95 95 95 96 96 96 96 96 96 96 96 96 96 96 96 96 96 96 96 96 96 96 96 96 96 96 96 96 96 96 96 96 96 96 96 96 96 96 96 96 95 95 95 56 53 95 95 
95 95 95 95 95 95 96 96 96 96 96 96 96 53 95 95 53 95 53 56 95 95 95 53 95 53 95 95 95 53 58 95 54 53 95 53 95 53 95 96 96 96 96 95 95 95 95 95 95 95 
95 95 95 95 95 95 95 96 96 96 96 104 104 104 104 104 104 104 104 104 95 95 95 106 95 114 108 108 108 109 95 95 56 53 95 114 108 109 58 96 96 96 96 95 95 95 95 95 95 95 
95 95 95 95 95 95 95 96 96 96 96 101 101 101 101 101 101 101 101 101 103 95 95 53 106 95 53 54 106 112 95 106 106 58 95 95 95 117 53 96 96 96 96 96 95 95 95 54 95 95 
95 95 95 56 95 96 96 96 96 96 96 98 98 98 98 98 98 98 99 101 101 103 95 95 95 53 95 106 95 112 95 58 53 53 95 95 53 53 58 96 96 96 96 96 96 95 95 95 95 95 
95 95 95 95 95 96 96 96 96 96 96 114 108 108 108 108 115 53 53 99 101 101 103 104 104 104 104 104 95 117 95 53 58 53 53 106 54 53 95 96 96 96 96 96 96 53 95 53 95 95 
95 95 95 95 96 96 96 96 96 96 96 95 106 106 95 58 58 95 95 53 99 101 101 101 101 101 101 101 103 58 95 114 108 108 115 53 106 58 95 96 96 96 96 96 96 53 95 95 95 95 
95 95 95 95 96 96 96 96 96 96 96 95 58 58 95 53 106 58 95 58 53 98 98 98 98 98 99 101 101 103 104 104 104 104 104 104 104 104 104 96 96 96 96 96 96 53 95 95 95 95 
95 95 95 95 95 96 96 96 96 96 96 95 95 95 95 95 53 106 53 114 108 108 108 108 109 95 95 99 101 101 101 101 101 101 101 101 101 101 101 96 96 96 96 95 95 95 53 95 95 95 
95 95 95 95 95 96 96 96 96 96 96 95 95 95 95 95 95 95 58 95 95 95 95 53 117 95 95 95 98 98 98 98 98 98 98 98 98 98 98 96 96 96 96 95 95 95 95 53 53 95 
95 95 95 95 95 95 96 96 96 96 96 95 95 95 95 54 95 95 95 54 95 56 95 95 95 95 95 106 106 95 95 95 95 106 56 54 95 95 95 96 96 96 96 96 95 95 53 95 95 95 
95 95 95 95 95 95 96 96 96 96 96 95 95 54 95 53 54 56 53 95 95 95 106 106 95 95 95 56 95 95 95 95 95 54 106 56 95 53 95 96 96 96 96 96 96 95 53 95 95 95 
95 95 55 95 95 95 96 96 96 96 96 96 96 96 95 53 95 95 95 95 95 95 95 95 95 95 114 108 108 108 108 108 115 53 95 95 95 95 95 96 96 96 96 96 96 53 53 95 95 95 
95 95 95 95 95 96 96 96 96 96 96 96 96 96 96 95 95 54 95 95 95 56 95 95 95 56 53 56 106 106 95 56 95 56 53 53 95 95 56 96 96 96 96 96 96 95 53 95 95 95 
95 95 95 95 95 96 96 96 96 96 96 96 96 96 96 96 96 96 96 96 96 96 95 95 95 95 95 95 95 95 95 95 95 95 114 108 108 115 95 96 96 96 96 96 96 53 56 95 95 95 
95 95 95 95 95 96 96 96 96 96 96 96 96 96 96 96 96 96 96 96 96 95 95 96 95 56 96 96 96 95 95 53 95 95 53 95 95 95 95 96 96 96 96 96 95 95 95 95 95 95 
95 95 95 95 95 96 96 96 96 96 96 96 96 56 56 96 96 96 96 96 96 95 96 96 96 96 96 96 96 96 95 56 95 95 53 95 53 96 96 96 96 96 96 96 95 95 95 95 95 95 
95 95 95 95 95 96 96 96 96 96 96 96 95 95 95 54 95 96 96 96 95 95 96 96 96 96 96 96 96 96 96 96 96 96 96 96 96 96 96 96 96 96 96 95 95 95 95 95 95 95 
95 55 95 53 96 96 96 96 96 96 96 95 87 95 95 95 53 95 95 95 95 95 96 96 96 96 96 96 96 96 96 96 96 96 96 96 96 96 96 96 96 96 96 96 56 95 95 95 95 95 
95 95 95 95 96 96 96 96 96 96 96 95 95 55 95 59 53 53 95 95 95 95 95 95 96 96 96 96 96 96 96 96 96 96 96 96 96 96 96 96 96 96 96 96 53 95 95 95 95 95 
55 95 95 55 96 96 96 96 96 96 96 55 59 55 55 95 95 95 95 95 95 95 95 95 95 95 95 54 96 96 96 96 96 96 96 96 96 96 96 96 96 96 96 96 53 95 95 95 95 95 
55 95 95 95 96 96 96 96 96 96 96 53 95 55 95 95 87 73 54 95 95 95 95 96 96 96 96 96 96 96 96 96 96 95 59 95 95 53 87 96 96 96 96 96 95 95 95 95 95 95 
95 95 95 95 96 96 96 96 96 96 96 56 95 95 95 95 80 95 95 95 54 95 96 96 96 96 96 96 96 96 96 96 95 54 60 61 62 95 73 96 96 96 96 96 95 95 56 95 95 95 
95 95 95 56 96 96 96 96 96 96 96 95 95 95 95 95 95 95 95 59 95 96 96 96 95 95 95 95 54 95 95 56 95 54 74 75 76 95 95 96 96 96 96 96 53 56 95 95 95 95 
95 95 95 55 96 96 96 96 96 96 96 55 60 61 62 95 95 53 56 95 95 96 96 96 95 60 61 61 61 62 95 80 73 53 81 82 83 95 53 96 96 96 96 53 53 95 95 95 95 95 
95 56 95 55 96 96 96 96 96 96 96 55 74 75 76 53 95 95 95 95 95 96 96 96 95 67 95 95 95 69 95 95 87 95 88 89 90 53 95 96 96 96 96 95 56 95 95 95 95 95 
95 95 95 55 95 95 95 96 96 96 96 95 88 89 90 95 95 96 96 96 96 96 96 96 95 74 75 75 75 76 95 54 95 54 53 95 54 95 96 96 96 96 96 96 53 95 95 95 95 95 
95 95 95 95 55 55 95 96 96 96 96 53 95 95 55 95 96 96 96 96 96 96 96 96 95 81 82 82 82 83 95 95 95 54 95 95 95 96 96 96 96 96 96 96 53 95 95 95 95 95 
95 95 95 55 56 95 96 96 96 96 96 95 95 53 95 96 96 96 95 53 95 96 96 96 95 88 89 89 89 90 95 95 95 54 95 95 96 96 96 96 96 96 96 96 53 95 95 95 95 95 
95 95 95 95 55 95 96 96 96 96 96 55 95 53 96 96 96 53 60 61 62 53 96 96 95 95 95 95 53 95 54 53 53 53 73 80 53 96 96 96 96 96 96 96 54 54 95 95 95 95 
95 95 95 55 95 96 96 96 96 96 96 95 55 53 53 55 95 95 74 75 76 95 53 96 96 96 95 80 95 95 95 53 59 95 95 87 95 95 106 96 96 96 96 96 53 53 54 95 95 95 
95 95 95 95 95 96 96 96 96 96 96 96 59 95 95 95 55 95 88 89 90 95 95 95 96 96 87 73 53 95 54 95 95 95 95 95 53 96 96 96 96 96 96 54 95 95 53 95 95 95 
95 95 95 95 95 96 96 96 96 96 96 96 96 96 95 95 95 95 95 55 95 95 95 95 53 53 95 95 55 95 54 95 95 95 95 95 96 96 96 96 96 96 95 53 53 53 53 53 95 95 
95 95 95 95 95 96 96 96 96 96 96 96 96 96 96 96 96 96 96 96 96 96 96 96 96 96 96 96 96 96 96 96 96 96 96 96 96 96 96 96 96 96 95 95 95 95 95 95 95 95 
95 95 95 95 95 95 95 95 95 96 96 96 96 96 96 96 96 96 96 96 96 96 96 96 96 96 96 96 96 96 96 96 96 96 96 96 96 96 96 96 96 96 53 95 56 53 53 95 95 95 
95 95 95 95 95 95 95 95 95 95 96 96 96 96 96 96 96 96 96 96 96 96 96 96 96 96 96 96 96 96 96 96 96 96 96 96 96 96 96 96 96 96 95 56 95 95 95 95 95 95 
95 95 95 95 95 95 95 95 95 95 95 95 96 96 96 96 96 96 96 96 96 95 95 96 96 96 96 96 96 96 96 96 96 96 96 95 95 95 96 96 96 95 95 53 95 95 95 95 95 95 
95 95 95 55 55 55 95 95 95 95 95 95 95 96 96 96 96 95 95 95 95 95 95 95 95 95 95 95 95 95 95 95 95 95 95 95 95 95 95 95 96 95 56 95 95 95 95 95 95 95 
95 95 95 95 95 55 95 95 95 95 95 95 95 95 96 95 95 95 95 95 95 95 95 95 95 95 95 95 95 95 95 95 95 95 95 95 95 95 95 95 95 56 56 95 54 95 95 95 95 95 
95 95 95 95 95 55 95 95 95 95 95 95 95 95 95 55 95 95 95 95 95 95 95 95 95 95 95 95 95 95 95 95 54 54 95 95 95 95 95 95 95 95 95 95 95 53 95 56 95 95 
95 95 95 95 95 95 95 95 95 95 95 55 55 95 95 95 95 95 95 95 95 95 95 95 54 95 95 95 95 95 54 95 95 95 95 95 95 53 95 95 95 53 95 95 95 95 95 56 95 95 
95 95 95 95 95 95 95 95 95 95 95 95 95 95 95 95 95 95 95 95 95 95 95 95 95 95 95 95 95 95 95 95 95 95 95 95 95 95 95 95 95 56 95 95 56 54 95 95 95 95 
